8	17	2590	1	0	0	0	1	1	0	1	3	1	0	0	0	0	6	0	0	6	1	0	0	0	0	0	0	0	0	0	0	0	0	0	0	0	0	0		0
9	18	3607	0	0	0	0	0	0	0	1	2	0	0	0	0	0	0	0	0	0	1	0	0	0	0	0	0	0	0	0	0	0	0	0	0	0	0	0		0
10	18	1403	1	0	0	1	0	1	0	1	1	1	0	1	0	0	5	0	0	0	3	1	0	0	0	5	0	3	0	0	0	0	0	0	0	0	0	0		0
11	18	1168	1	0	0	1	0	1	0	1	1	1	0	0	0	0	4	0	0	0	1	1	0	0	0	0	0	1	0	0	0	0	0	0	0	0	0	0		0
12	18	708	1	0	0	0	0	0	0	0	2	0	0	0	0	0	2	0	0	0	1	0	0	0	0	0	0	0	0	0	0	0	0	0	0	0	0	0		0
13	19	486	0	0	0	0	0	0	0	0	2	0	0	0	0	0	0	0	0	0	1	0	0	0	0	0	0	0	0	0	0	0	0	0	0	0	0	0		0
14	19	272	1	0	0	1	0	1	0	1	1	1	0	0	0	0	4	0	0	0	3	1	0	0	0	5	0	0	0	0	1	2	0	0	0	0	0	0		0
15	19	834	1	0	0	0	1	1	0	1	1	1	0	0	0	0	3	0	0	0	1	0	1	0	0	1	0	0	0	0	0	0	0	0	0	0	0	0		0
16	19	272	1	0	0	0	1	1	0	1	1	1	0	1	1	0	0	0	0	0	1	0	0	0	0	0	0	0	1	0	0	0	0	0	0	0	0	0		0
17	19	2539	1	0	0	1	0	1	0	1	1	0	0	0	0	0	3	0	0	0	1	0	0	0	0	0	0	0	0	0	0	0	0	0	0	0	0	0		0
18	19	486	1	0	0	1	1	1	0	1	1	0	0	0	0	0	2	1	0	0	1	0	0	0	0	0	0	1	0	0	1	2	0	0	0	0	0	0		0
19	20	357	0	0	0	0	0	0	0	0	1	1	0	0	0	0	0	0	0	0	1	0	0	0	0	0	0	1	0	0	0	0	0	0	0	0	0	0		0
20	20	11	1	0	0	0	0	0	0	1	3	0	0	0	0	0	3	1	0	0	1	1	0	0	0	0	0	0	0	0	0	0	0	0	0	0	0	0		0
21	20	2729	0	0	0	1	1	0	0	1	2	1	0	0	0	0	0	0	0	3	2	1	0	0	0	0	0	0	0	0	0	0	0	0	0	0	0	0		0
22	20	2729	0	0	0	0	0	0	0	0	1	1	1	0	0	0	3	0	0	0	1	1	0	0	0	3	0	0	0	0	0	0	0	0	0	0	0	0		0
23	20	709	0	0	0	0	0	0	0	1	1	0	0	0	0	0	2	0	0	0	1	0	0	0	0	0	0	1	0	0	0	0	0	0	0	0	0	0		0
24	20	25	0	0	0	0	0	0	0	1	2	1	0	0	0	0	5	0	0	4	2	1	0	0	0	5	0	2	0	0	0	0	0	0	0	0	0	0		0
25	21	5404	0	0	0	0	0	0	0	1	1	0	1	0	0	0	2	0	1	4	1	0	0	0	0	0	0	1	0	0	0	0	0	0	0	0	0	0		0
26	21	4373	1	0	0	1	1	0	0	0	2	1	0	0	0	0	2	0	0	0	1	1	0	0	0	0	0	1	0	0	0	0	0	0	0	0	0	0		0
27	21	5401	1	0	0	1	1	1	0	1	1	1	0	0	0	0	2	0	0	0	1	1	0	0	0	0	0	0	0	0	0	0	0	0	0	0	0	0		0
28	21	3637	1	1	1	0	1	1	0	0	2	0	0	0	0	0	2	0	0	0	1	0	0	0	0	0	0	2	0	0	0	0	0	0	0	0	0	0		0
29	21	2559	1	0	0	1	0	1	0	1	1	1	1	0	0	0	2	0	0	1	1	1	0	0	0	0	0	0	0	0	0	0	0	0	0	0	0	0		0
30	21	5407	1	1	0	0	0	1	0	0	1	1	0	0	0	0	1	0	0	0	1	0	0	0	0	1	1	1	0	1	0	0	0	0	0	0	0	0		0
31	20	25	0	0	0	0	0	0	0	1	2	1	0	0	0	0	5	0	1	4	2	1	0	0	0	5	0	2	1	0	0	0	0	0	0	0	0	0		0
32	22	708	1	0	0	0	0	1	0	1	1	0	0	0	0	0	0	0	0	0	1	0	0	0	0	0	0	0	0	0	0	0	0	0	0	0	0	0		0
33	22	1640	1	0	0	1	1	1	0	1	2	1	0	0	0	0	5	0	1	0	3	1	0	0	0	0	1	2	1	0	0	0	0	0	0	0	0	0		0
34	22	1218	1	2	0	1	1	0	1	1	1	1	1	0	0	0	4	1	0	0	1	0	0	0	0	0	0	2	0	0	0	0	0	0	0	0	0	0		0
35	22	5113	1	0	0	1	0	0	0	0	1	1	0	0	0	0	2	1	0	1	1	0	0	0	0	0	0	1	0	0	0	0	0	0	0	0	0	0		0
36	22	3167	1	0	0	0	0	0	0	0	1	1	0	0	0	0	1	1	0	0	1	0	0	0	0	0	0	1	0	0	0	0	0	0	0	0	0	1		0
37	22	4454	1	0	0	0	0	1	0	1	2	0	0	0	0	0	0	0	0	0	1	0	0	1	0	0	0	0	0	0	0	2	0	0	0	0	0	0		0
38	23	834	1	1	0	1	1	1	0	1	1	1	0	0	0	0	3	0	0	0	1	0	0	0	0	0	0	0	0	0	0	0	0	0	0	0	0	0		0
39	23	75	1	0	0	0	0	0	0	1	3	0	0	0	0	0	4	0	1	1	1	1	0	0	0	0	0	2	0	0	1	2	0	0	0	0	0	0		0
40	23	1168	1	0	0	0	0	0	0	1	3	0	0	0	0	0	3	0	0	0	1	1	0	0	0	0	0	2	0	0	0	0	0	0	0	0	0	0		0
41	23	5181	0	0	0	1	1	0	0	0	2	1	0	0	0	0	0	0	0	0	1	1	0	0	0	0	0	1	0	0	0	0	0	0	0	0	0	0		0
42	23	4637	1	0	0	0	0	0	1	0	1	1	1	0	0	0	0	0	0	0	1	0	1	0	0	3	0	1	0	0	0	0	0	0	0	0	0	0		0
43	23	1403	1	0	0	0	0	1	0	1	1	1	0	0	0	0	4	0	0	0	2	1	1	0	0	5	0	2	0	0	0	0	0	0	0	0	0	0		0
44	24	102	0	0	0	0	0	0	0	0	1	0	0	0	0	0	0	0	0	0	1	0	0	0	0	0	0	0	0	0	0	0	1	0	0	0	0	1		0
45	24	2607	1	1	1	0	1	1	0	1	2	1	0	0	0	0	4	0	0	4	3	1	1	0	0	6	1	2	0	0	0	0	0	0	0	0	0	0		0
46	24	1647	1	1	0	1	1	1	0	0	2	0	0	0	0	0	1	0	0	2	1	0	0	0	0	0	0	3	0	0	0	0	0	0	0	0	0	0		0
47	24	4954	0	0	0	0	0	0	0	1	1	0	0	0	0	1	0	0	0	0	1	1	0	1	0	0	0	0	0	0	0	0	0	0	0	0	0	0		0
48	24	304	1	0	0	0	0	0	1	1	1	1	0	0	0	0	4	0	0	1	2	0	0	0	0	1	0	2	0	0	1	2	0	0	0	0	0	0		0
49	24	1089	1	0	0	1	1	0	0	0	3	0	0	0	0	0	1	1	0	0	1	1	1	0	0	1	0	0	0	0	0	0	0	0	0	0	0	0		0
50	25	5407	1	1	0	1	0	1	0	1	3	1	0	0	0	0	1	0	0	1	3	0	0	0	0	0	1	1	0	1	0	0	0	0	0	0	0	0		0
51	25	3607	1	0	0	0	0	0	0	0	1	0	0	0	0	0	0	0	0	0	1	0	0	0	0	0	0	0	0	0	0	0	1	0	0	0	0	0		0
52	25	2590	1	0	0	0	0	1	0	1	2	0	1	0	0	0	8	0	0	6	2	1	0	0	1	6	0	2	0	0	0	0	0	0	0	0	0	0	Ran out of time to place 3 coop totes	14
53	25	341	1	0	0	1	0	0	0	1	3	0	0	0	0	0	2	0	0	0	1	0	0	0	1	0	0	3	1	0	1	1	1	0	0	0	1	0	dead first few seconds, fast moving and easy pick up totes, harder for cans	8
54	25	5490	1	0	0	1	0	0	0	0	1	0	0	0	0	0	0	0	0	0	1	0	0	0	0	0	0	0	0	0	0	0	0	0	0	0	0	0	moved, but touched nothing	0
55	25	5080	1	0	0	0	0	0	0	0	1	0	0	0	0	0	0	0	0	0	1	0	0	0	0	0	0	0	0	0	0	0	0	0	0	0	0	0	Couldn't do much. Seemed like it was just sitting in the corner. 	14
56	26	4373	1	0	1	0	1	1	0	1	1	0	0	0	0	0	2	0	0	0	1	0	0	0	0	0	0	0	0	0	1	2	0	0	0	1	0	1	picked up 2 totes side by side, fell down around halfway through match	14
57	26	1640	1	0	0	1	1	1	0	0	2	0	1	0	0	0	6	0	1	5	3	1	1	0	1	6	0	2	0	0	0	0	0	0	0	0	0	0	Very successful, Six tote stack with bin and noodle, balancedd, fast.	80
58	26	357	0	0	0	1	1	0	1	0	2	1	0	0	0	0	5	0	0	0	1	0	1	0	1	1	0	3	0	0	0	0	0	0	0	0	0	0		14
59	26	1168	1	0	0	0	0	0	0	0	3	0	0	0	0	0	3	0	0	2	1	1	0	0	0	0	0	2	0	0	0	0	0	0	0	0	0	0	Could have maximized points with recycling bins! Good at stacking 	80
60	26	1218	0	0	0	0	0	0	0	1	1	0	1	0	0	0	3	0	0	1	1	0	0	0	0	0	0	3	0	0	1	2	0	0	0	0	0	0	Autonomous data is not accurate	80
61	26	2539	1	1	0	1	1	1	0	1	1	1	0	0	0	0	2	1	0	1	1	0	0	0	0	0	0	0	0	0	0	0	0	0	0	0	0	0	Flimsy claw, has trouble holding tote.	14
62	27	4637	1	0	0	1	0	0	0	1	2	0	0	0	0	0	0	1	1	0	1	1	1	0	1	1	1	1	0	0	0	0	0	0	0	0	0	0	focused on cans with litter, functions slowly	29
63	27	486	0	0	0	0	0	0	0	1	1	1	0	0	0	0	1	0	1	0	1	0	0	0	0	0	0	1	0	0	1	1	0	0	0	0	0	0	attempted to carry yellow totes, kept dropping, but managed to place 1.	32
64	27	102	1	0	0	0	0	0	0	0	1	0	0	0	0	0	0	0	0	0	1	0	0	0	0	0	0	0	0	0	0	0	1	0	0	0	0	1	Wut.	29
65	27	709	0	0	0	0	0	0	0	0	1	0	0	0	0	0	0	0	0	0	1	0	0	0	0	0	0	0	0	0	0	0	0	0	0	0	0	0	Stuck on noodle, couldn't pick up, had trouble, only can pick up one way	32
66	27	11	1	0	0	1	0	0	0	0	3	0	0	0	0	0	3	0	0	0	1	1	0	0	0	0	0	2	0	0	1	2	0	0	0	0	0	0		29
67	27	1647	1	1	0	1	0	1	0	1	2	0	0	0	0	0	1	0	0	0	1	0	0	0	1	3	0	2	1	0	0	0	0	0	0	0	0	0	Knocked can over before picking it up	32
68	28	304	1	1	1	0	1	0	1	0	3	1	0	0	0	0	1	1	1	2	1	0	0	0	0	0	0	2	0	0	0	0	0	0	0	0	0	0	dropped tote when crash into other robot good at picking up totes and stack	0
69	28	4454	1	0	0	0	0	1	0	0	1	0	0	0	0	0	0	0	0	0	1	1	0	1	0	0	0	0	0	0	0	0	1	0	0	0	1	0	Barely moved at all in the mask. Light turned off. Comm error	12
70	28	3607	0	0	0	0	0	0	0	1	1	0	0	0	0	0	0	0	0	0	1	0	0	0	0	0	0	0	0	0	0	0	0	0	0	0	0	0	Fumbles around, doesn't do much.	12
71	28	2729	1	0	0	1	0	0	0	0	2	1	0	0	0	0	2	0	0	0	1	1	0	0	0	0	0	2	0	0	0	0	0	0	0	0	0	0	grabbed can from center in auto	33
72	28	1089	1	3	0	1	1	1	0	1	2	0	1	0	0	0	1	0	0	1	1	0	1	0	1	2	0	0	0	0	1	2	0	0	0	0	0	0	Good all around, scored a lot. Capable of lifting higher.	33
73	28	834	1	0	0	1	1	0	1	0	2	1	0	0	0	0	2	0	1	0	1	0	0	0	0	0	0	0	0	0	1	1	0	0	0	0	0	0	seemed hard to control, not accurate, totes fell form grip.	12
74	29	3167	1	0	0	1	0	0	0	0	1	0	0	0	0	0	1	1	1	1	1	0	0	0	0	0	0	1	0	0	0	0	0	0	0	0	0	0	slow and sluggish, lots of time to line up to pick up tote, decent at stack	15
75	29	5490	1	0	0	0	0	1	0	1	3	0	0	0	0	1	0	0	0	0	1	0	0	0	0	0	0	0	0	0	0	0	0	0	0	0	0	0	Cannot even lift.	15
76	29	341	1	0	0	1	0	0	0	1	2	0	0	0	0	0	6	0	1	0	1	0	0	0	0	0	0	0	0	0	1	2	0	0	0	0	0	0	successful cooperation totes, failed to stack 4 normal totes.	29
77	29	4954	0	0	0	0	0	0	0	0	1	1	0	0	0	0	4	0	0	0	1	0	0	0	0	0	0	1	0	0	0	0	0	0	0	0	0	0	bothered by other robot	15
78	29	5401	1	0	0	0	0	1	0	1	2	0	0	0	0	0	2	0	0	0	1	1	0	0	0	0	0	0	0	0	0	0	0	0	0	0	0	0	Very short robot	29
79	29	5113	1	1	1	0	0	0	0	1	2	0	0	0	0	0	1	0	0	1	1	0	0	1	0	0	0	1	0	0	0	2	0	0	0	0	0	0	Good start but then seemed to do nothing. 	29
80	30	3637	1	0	1	0	1	1	0	1	1	1	0	0	0	0	2	1	1	0	1	0	0	0	0	0	0	0	0	0	0	0	0	0	0	0	0	1	bad at picking up and stacking, hard to align, staging is bad	142
81	30	1403	1	0	0	0	1	1	0	1	1	0	0	0	0	0	4	0	0	0	1	0	1	0	1	4	0	0	0	0	0	0	0	0	0	0	0	0	Excellent robot! Major scorer. Made two stacks.	142
82	30	25	1	0	0	0	0	0	1	0	1	0	0	0	0	0	6	0	0	0	1	1	0	0	1	0	0	0	0	0	0	0	0	0	0	0	0	0		142
83	30	5181	1	0	0	1	0	0	0	0	2	0	0	0	0	0	2	0	1	1	1	1	0	0	1	0	0	0	0	0	0	0	0	0	0	0	0	0	had some trouble picking up totes from human player.	98
84	30	272	1	0	0	1	0	1	0	1	2	0	0	0	0	0	4	0	0	1	1	1	0	0	0	0	0	3	0	0	1	3	0	0	0	0	0	0	Seemed really good at stacking. Really good design	98
85	30	2590	1	0	0	1	1	0	1	0	2	0	0	0	0	0	8	0	0	0	1	1	0	0	1	6	0	3	0	0	1	2	0	0	0	0	0	0		142
86	31	4637	1	0	0	1	1	1	0	1	1	0	0	0	0	0	0	0	0	0	1	0	1	0	1	3	0	2	0	0	0	0	0	0	0	0	0	0	Didn't do much.	119
87	31	4637	1	0	0	1	0	0	0	0	2	0	0	0	0	0	2	0	0	1	2	1	0	0	1	4	0	0	1	0	1	2	0	0	0	0	0	0		76
88	31	2607	0	0	0	0	0	0	0	0	2	0	0	0	0	0	2	0	1	0	2	0	0	0	0	0	0	0	0	0	0	0	0	0	0	0	0	0	had some agility and was stable	119
89	31	708	1	0	0	1	0	0	1	0	2	0	0	0	0	0	2	0	0	0	2	1	0	0	1	0	0	0	0	0	0	0	0	0	0	0	0	0		76
90	31	2559	1	0	0	0	0	0	1	0	1	0	0	0	1	0	2	0	1	0	1	0	0	0	0	1	0	0	0	0	1	0	0	0	0	0	0	0		5
91	31	5404	1	0	0	1	1	1	1	1	2	1	0	0	0	0	2	0	0	2	1	0	0	1	1	0	1	3	0	0	0	0	0	0	0	0	0	0	very efficient and fast. Does 	76
92	32	1	0	0	0	0	0	0	1	0	1	1	0	0	0	0	0	0	0	0	1	0	1	1	1	1	0	0	0	0	1	2	0	0	0	0	0	0		6
93	32	4373	1	0	0	1	1	0	0	1	2	0	0	0	0	0	2	0	0	1	1	0	0	0	1	3	0	1	1	0	0	0	0	0	0	0	0	0		33
94	32	4373	1	0	0	0	1	0	0	1	2	1	0	0	0	0	1	0	0	1	2	1	1	1	1	2	0	1	0	0	1	1	0	0	0	0	0	0		18
95	32	1089	1	0	0	1	0	1	0	0	1	0	0	0	0	0	1	0	0	1	1	0	1	0	1	0	0	1	0	0	1	1	0	0	0	0	0	0		18
96	32	5407	1	0	0	1	0	1	0	1	2	0	0	0	0	0	0	1	0	1	1	1	0	1	1	4	0	2	1	1	1	0	0	0	0	0	0	0		33
97	32	11	0	0	0	0	0	0	0	0	1	0	0	0	0	0	0	0	0	0	1	0	0	0	0	0	0	0	0	0	0	0	0	0	0	0	0	0		33
98	33	1640	1	0	0	1	0	0	0	1	1	1	0	0	0	0	0	0	0	0	1	1	0	0	1	0	0	0	0	0	0	0	0	0	0	0	0	1	Dropped every tote it carried	13
99	33	4954	1	2	0	0	1	1	0	1	1	0	0	0	0	0	0	0	0	2	1	0	0	0	1	2	0	1	0	0	0	0	0	0	0	0	0	0		6
100	33	2590	1	2	0	0	1	0	1	1	2	0	0	0	1	0	5	0	0	5	2	1	0	0	0	5	0	3	0	0	1	3	0	0	0	0	0	0	very fast, can switch objectives fast. 	64
101	33	5401	0	0	0	0	0	0	0	0	1	1	1	0	0	0	1	0	1	1	1	0	0	0	1	2	1	1	0	0	0	0	0	0	0	0	0	0		18
102	33	357	1	0	0	0	0	0	1	0	2	1	0	0	0	0	1	0	0	0	1	0	0	0	0	0	0	0	0	0	1	0	0	0	0	0	0	0	Score inacurate	0
103	33	1640	1	0	0	1	0	0	0	1	1	0	0	0	0	0	6	0	0	1	2	1	0	0	1	1	0	1	1	0	0	0	0	0	0	0	0	0		64
104	34	304	1	0	0	0	0	0	0	1	1	1	1	0	0	0	0	0	0	3	2	0	0	0	1	0	0	0	0	0	0	0	0	0	0	0	0	0		6
105	34	1168	0	0	0	0	0	0	0	1	2	1	0	0	0	0	2	0	1	1	1	0	0	0	0	0	0	1	0	0	1	2	0	0	0	0	0	0		10
106	34	5404	1	0	0	0	0	0	1	1	1	1	1	0	0	0	2	1	0	1	1	0	0	0	1	2	1	1	0	0	0	0	0	0	0	0	0	0	Problem: swings rapidly knicking surroundings causing dangerous surrounding	14
107	34	272	1	0	0	1	0	0	0	0	2	0	0	0	0	0	4	0	0	1	2	1	1	0	1	0	0	0	0	0	0	0	0	0	0	0	0	0		10
108	34	341	0	0	0	0	0	0	1	0	2	0	0	0	0	0	3	0	0	1	1	1	0	0	0	0	0	0	0	0	0	0	0	0	0	0	0	1	Preformed pretty well dispite it's wobbly frame	10
109	35	2607	1	3	0	0	1	1	0	1	2	0	0	1	0	0	7	0	0	0	2	1	1	1	1	6	1	0	0	0	0	0	0	0	0	0	0	0		9
110	35	2559	1	1	0	0	1	0	0	1	1	0	0	0	0	0	0	0	0	4	3	0	1	1	1	3	1	2	0	0	1	2	0	0	0	0	0	0	forms well simple but efficient	108
111	35	5113	1	0	0	1	0	0	0	1	1	1	0	0	0	0	0	0	0	0	1	1	0	0	0	0	0	0	0	0	0	0	1	0	0	0	0	0	Awful. Just Awful. Barely moved, and did not contribute to the team.	82
112	35	5113	1	1	0	1	0	1	0	1	2	1	0	0	0	0	1	0	0	1	1	0	0	0	0	0	0	1	0	0	0	0	0	0	0	0	0	0		108
113	35	5080	1	0	0	0	0	0	0	0	1	0	0	0	0	0	0	0	0	0	1	0	0	0	0	0	0	0	0	0	0	0	0	0	0	0	0	1	Doesn't really do anything.	82
114	35	25	0	0	0	0	0	0	0	0	1	0	0	0	0	0	0	0	0	0	1	0	0	0	0	0	0	0	0	0	0	0	1	0	0	0	1	1	it can't move. It had to be pushed out of the way by 5080.	82
115	36	486	1	0	0	1	1	0	1	1	2	1	0	0	0	0	0	1	0	0	1	1	0	0	0	0	0	1	0	0	1	1	0	0	0	0	0	0	Need to improve tote carrying mechanism.	16
116	36	486	1	0	0	1	0	1	0	1	2	0	0	0	0	0	1	0	0	1	1	1	0	1	0	0	0	1	0	0	0	0	0	0	0	0	0	0		20
117	36	3167	1	0	0	0	0	0	0	1	1	0	0	0	0	0	1	1	0	2	2	0	0	0	1	2	0	2	0	0	0	0	0	0	0	0	0	0		20
118	36	3607	1	1	0	0	1	1	0	1	1	1	0	0	0	0	2	0	1	2	2	0	0	0	1	0	1	1	0	1	0	0	0	0	0	0	0	0		16
119	36	834	1	0	0	0	0	0	0	1	1	0	0	0	0	0	2	0	0	2	1	1	1	1	1	2	1	0	0	0	0	0	0	0	0	0	0	0		6
120	37	1403	1	0	0	0	0	1	0	1	1	0	0	1	0	0	4	0	0	3	1	1	1	1	1	4	0	2	0	0	0	0	0	0	0	0	0	0		8
121	37	2539	1	0	0	1	0	0	1	1	1	0	0	0	0	0	0	0	0	0	1	0	0	0	0	0	0	0	0	0	0	0	0	0	0	0	0	0		11
122	37	708	1	0	0	1	0	0	0	1	2	1	0	0	0	0	8	0	0	0	2	1	0	0	0	0	0	0	0	0	0	0	0	0	0	0	1	1	dropped stack of 3	11
123	37	1218	1	0	0	0	0	0	0	0	1	1	0	0	0	0	0	0	0	0	1	0	0	0	0	0	0	1	0	0	0	0	0	0	0	0	1	0		54
124	37	2729	1	0	0	1	1	0	0	0	3	0	0	0	0	0	1	0	0	0	1	1	0	0	0	0	0	0	0	0	1	0	0	0	0	0	0	0		54
125	37	2539	1	0	1	0	1	0	1	1	3	0	0	0	0	0	1	1	0	1	1	1	0	0	0	0	0	2	0	0	1	2	0	0	0	0	0	0	Meh.	54
126	38	5181	1	0	0	0	0	1	0	1	2	0	0	1	1	0	5	0	1	4	3	1	1	1	0	0	1	3	0	0	1	0	0	0	0	0	0	0		101
127	38	4454	0	0	0	0	0	0	0	1	1	0	0	0	0	0	0	0	0	0	1	1	0	0	0	0	0	0	0	0	0	0	0	0	0	0	0	0	drove around doing nothing.	57
128	38	2607	1	0	0	0	1	1	0	1	1	0	0	1	0	0	5	0	0	5	1	1	1	1	1	6	1	1	0	0	0	0	0	0	0	0	0	0		10
129	38	304	1	1	0	1	0	0	0	1	1	1	0	0	0	0	1	0	0	1	1	0	0	0	1	4	1	0	0	0	1	3	1	0	0	0	0	1	Movement:trouble manuvering around cluttered areas	57
130	38	25	1	0	0	1	0	0	1	0	1	0	0	0	0	0	2	0	0	0	2	1	0	0	1	2	0	0	0	0	0	0	0	0	0	1	0	0	Fell over and then propped itself back up	101
131	39	1168	1	0	0	1	0	0	0	0	1	0	0	0	0	0	0	0	0	0	1	0	0	0	0	0	0	0	0	0	0	0	1	0	1	0	0	0	Completely dead	4
132	39	709	1	0	0	1	1	1	0	1	1	0	0	0	0	0	1	0	0	0	1	0	0	0	0	0	0	1	0	0	0	0	0	0	0	0	0	0		36
133	39	2590	1	0	0	1	0	0	0	1	2	0	1	0	0	0	4	0	0	5	3	1	0	0	1	4	1	2	0	0	0	0	0	0	0	0	0	0	Too fast hard to control presumeably 	0
134	39	4954	1	0	1	0	1	1	0	1	1	0	0	0	0	0	0	1	1	1	2	0	0	0	1	0	0	2	1	1	1	0	0	0	0	0	0	0		4
135	39	2590	0	0	0	0	0	0	0	0	1	0	0	0	0	0	0	0	0	0	1	0	0	0	0	0	0	0	0	0	0	0	0	0	0	0	0	0		36
136	39	709	1	0	0	1	0	0	1	0	1	0	0	0	0	0	0	0	0	0	1	0	0	0	0	0	0	0	0	0	0	0	1	0	0	0	0	0	Did not do ANYTHING.	4
137	39	272	1	0	0	1	0	0	0	1	3	1	0	0	0	0	2	0	0	2	1	1	0	0	1	2	1	2	0	0	1	2	0	0	0	0	0	0		5
138	40	5404	1	0	0	1	0	0	0	1	1	1	0	0	0	0	2	0	0	2	1	0	0	0	0	0	0	1	0	0	1	1	0	0	0	0	0	0		7
139	40	708	1	0	0	1	0	1	0	1	2	0	0	0	0	0	2	0	0	2	1	1	0	0	1	0	1	2	0	0	0	0	0	0	0	0	0	0		14
140	40	11	1	0	0	0	0	1	0	1	1	0	0	0	1	0	1	1	0	1	1	0	0	0	1	1	0	2	0	0	0	0	0	0	0	0	0	0		14
141	40	11	1	0	0	0	0	0	0	1	2	0	0	0	0	0	2	0	0	1	1	1	0	0	1	2	0	2	1	0	0	0	0	0	0	0	0	0		14
142	40	5080	1	1	0	0	0	0	0	1	2	0	1	0	1	0	0	0	1	0	1	1	1	1	1	0	1	1	0	1	0	0	0	0	0	0	0	0		14
143	40	2539	1	0	0	1	1	1	0	1	1	0	0	0	0	0	0	0	0	0	1	0	0	0	1	1	0	0	0	0	0	0	0	0	0	0	0	0		14
144	41	4373	1	0	0	1	0	0	0	0	1	0	0	0	0	0	0	0	0	0	1	0	0	0	0	0	0	0	0	0	0	0	1	0	1	0	0	0	After auto robot didn't do anything	7
145	41	357	1	0	0	0	0	0	0	1	2	0	0	0	0	0	0	0	0	0	1	0	0	0	0	0	0	0	0	0	0	0	1	0	0	0	1	0	robot stops functioning once in between the match	7
146	41	1647	1	1	0	1	0	0	0	1	1	0	0	0	0	0	2	1	0	1	2	0	0	0	1	4	0	2	0	0	1	3	0	0	0	0	0	0		29
147	41	834	1	1	0	1	1	1	0	1	2	0	0	0	0	0	1	0	0	0	1	1	0	0	0	0	0	1	0	0	0	0	0	0	0	0	0	0		29
148	41	834	1	0	0	1	0	0	0	1	1	0	0	0	0	0	0	0	0	0	1	0	0	0	0	0	0	0	0	0	0	0	0	0	0	0	0	0	Not much was done.	7
149	41	5490	1	0	0	0	0	0	0	0	2	0	0	0	0	0	0	0	0	0	1	0	0	0	0	0	0	0	0	0	0	0	0	0	0	0	0	0	Fumbled around the entire match	7
150	42	2729	1	3	0	1	0	0	0	1	3	0	0	0	0	0	1	0	0	1	1	1	0	0	0	1	1	2	0	0	0	0	0	0	0	0	0	0		22
151	42	3167	0	0	0	0	0	0	0	1	1	0	0	0	0	0	1	0	0	0	1	0	0	0	0	0	0	0	0	0	0	0	0	0	0	0	0	0		28
152	42	3637	1	0	0	1	0	0	0	1	1	0	0	0	0	0	0	0	0	0	1	0	0	0	0	0	0	0	0	0	1	1	0	0	0	0	0	0	Did not do much.	18
153	42	75	0	0	0	0	0	0	0	0	2	1	0	0	0	0	0	0	1	0	1	0	0	0	1	0	1	0	0	0	0	0	0	0	0	0	0	0		18
154	42	3637	1	0	0	1	1	1	0	1	1	1	0	0	0	0	1	0	0	1	1	0	0	0	0	0	0	1	0	0	0	0	0	0	0	0	0	0		22
155	42	4637	1	0	0	1	0	1	0	1	2	0	0	0	0	0	1	0	0	1	1	0	0	0	0	0	0	1	0	0	1	1	0	0	0	0	0	0		18
156	43	102	1	0	0	0	0	0	0	0	1	0	0	0	0	0	0	0	0	0	1	0	0	0	0	0	0	0	0	0	0	0	1	0	0	0	0	0	Did not do much.	18
157	43	1218	0	0	0	0	0	0	0	1	2	1	0	0	0	0	2	0	0	0	1	0	0	0	1	0	0	2	0	0	0	0	0	0	0	0	0	0	broke down	18
158	43	2559	1	0	0	1	0	1	0	0	1	0	0	0	0	0	5	1	0	0	1	1	0	0	0	0	0	2	0	0	0	3	0	0	0	0	0	0		18
159	43	5113	1	0	0	0	1	0	0	1	1	1	0	0	0	0	2	0	0	0	1	0	0	0	1	1	0	0	0	0	0	0	0	0	0	0	0	0	Drags a lot of single bins unto the step, attempts to stack some of them	27
160	43	341	0	0	0	0	0	0	0	0	2	0	0	0	0	0	5	0	0	0	1	1	0	0	0	0	0	2	0	0	0	0	0	0	0	0	0	0		18
161	43	486	1	3	0	0	0	0	0	1	1	0	0	0	0	0	1	0	1	0	2	1	0	0	1	0	0	2	0	0	0	0	0	0	0	0	0	0		27
162	44	3607	1	0	0	0	0	0	0	0	1	0	0	0	0	0	0	0	0	0	3	0	0	0	1	0	0	0	0	0	0	0	0	0	0	0	0	0	spent game trying to pick up one tote	0
163	44	4373	1	0	0	1	1	0	1	0	2	1	0	0	0	0	2	0	0	0	1	0	0	0	0	0	0	1	0	0	0	0	0	0	0	0	0	0		5
164	44	4954	1	0	0	0	0	0	0	1	2	1	0	0	0	0	3	0	0	0	1	0	0	0	1	3	0	0	0	0	0	0	0	0	0	0	0	0	stops sometimes	5
165	44	1089	1	0	0	1	0	1	0	0	1	0	0	0	0	0	0	1	0	0	1	0	1	1	1	0	0	0	0	0	0	0	0	0	0	0	0	0		5
166	44	1403	1	0	0	0	0	1	0	1	3	0	0	0	0	0	4	0	0	0	2	1	1	0	1	5	0	2	1	0	0	0	0	0	0	0	0	0	Well balanced bot	47
167	44	5181	0	0	0	0	0	0	0	1	2	0	0	0	0	0	1	0	0	0	2	1	0	0	1	4	0	0	0	0	1	1	0	0	0	0	0	0		47
168	45	2607	1	0	0	0	1	1	0	1	1	0	0	0	0	0	4	0	0	3	1	1	0	0	0	2	0	0	0	0	0	0	0	0	0	0	0	0	pretty good but it can only get tots by humam	59
169	45	5080	1	0	0	1	0	1	0	1	1	1	0	0	0	0	0	0	0	0	1	1	0	0	1	0	0	0	0	0	0	0	0	0	0	0	0	0	Human player/driver not cooperating a lot of mishaps	0
170	45	5490	1	0	0	1	0	1	0	1	2	0	0	0	0	0	0	1	0	0	1	0	0	0	0	0	0	0	0	0	0	0	0	0	0	0	0	0	failed to do anything	0
171	45	3167	1	0	0	1	0	0	0	0	1	0	1	0	0	0	2	1	0	0	1	0	0	0	0	0	0	0	0	0	0	0	0	0	0	0	0	0		59
172	45	357	1	0	0	1	0	0	1	1	1	0	0	0	0	0	2	0	0	0	1	1	0	0	1	0	0	0	0	0	1	2	0	0	0	0	0	0	Did alright; Really only put 2 yellow totes in middle the entire game.	0
173	45	272	1	0	0	1	0	0	0	0	1	0	0	0	0	0	4	0	0	1	2	1	0	0	0	0	0	0	0	0	0	0	0	0	0	0	0	0		59
174	46	2539	1	0	1	0	0	0	0	1	2	0	0	0	0	0	2	0	0	3	1	0	0	0	1	0	0	0	0	0	0	0	0	0	0	0	0	0	slow	72
175	46	11	1	0	0	1	0	0	0	1	2	0	0	0	0	0	2	0	0	0	1	1	0	1	1	0	0	1	1	0	0	0	0	0	0	0	1	0		68
176	46	5401	1	0	0	1	0	1	0	0	1	1	0	0	0	0	2	0	0	0	1	1	0	0	0	0	0	0	0	0	0	0	0	0	0	0	0	0	lots of stacks of two sometimes loses top tote	68
177	46	5113	1	3	0	0	0	0	1	0	1	0	0	0	0	0	1	0	0	1	1	0	0	0	0	0	0	1	0	0	0	0	0	0	0	0	0	0		72
178	46	75	1	0	0	0	0	0	1	1	2	0	0	0	0	0	2	0	0	2	1	1	0	0	0	0	0	2	0	0	1	2	0	0	0	0	0	0		68
179	46	834	0	0	0	0	0	0	0	0	1	0	0	1	0	0	2	0	0	0	1	0	1	0	1	2	0	0	0	0	0	0	0	0	0	0	0	0		72
180	47	102	0	0	0	0	0	0	0	0	1	0	0	0	0	0	0	0	0	0	1	0	0	0	0	0	0	0	0	0	0	0	1	0	0	0	0	0	dose not move much dead in the beggning 	2
181	47	4454	1	0	0	1	0	1	0	1	3	0	0	0	0	0	1	0	0	0	1	1	0	1	0	0	0	1	0	0	0	0	0	0	0	0	0	0		4
182	47	304	0	0	0	0	0	0	0	0	1	0	0	0	0	0	1	1	0	2	1	0	0	0	0	0	0	0	0	0	0	0	0	0	0	0	0	0	Slow, single stacking	72
183	47	2559	1	0	0	1	0	1	0	1	1	1	0	0	0	0	1	0	0	0	1	1	0	0	0	0	0	0	0	0	0	0	0	0	0	0	0	0	tried to create co-op it failed, very wiggly	72
184	47	5407	1	0	0	1	1	1	0	1	1	0	0	0	0	0	2	0	0	0	1	0	0	0	0	0	0	1	0	0	0	1	0	0	0	0	0	0		4
185	47	1403	1	0	0	0	0	1	0	1	2	0	0	0	0	0	5	0	0	0	3	0	0	0	1	5	0	3	0	0	0	0	0	0	0	0	0	0	AMAZING constantly made stacks of 4-5 totes with a can on top.	72
186	48	2729	1	0	0	1	0	0	0	0	1	0	0	0	0	0	2	0	0	0	1	0	0	0	0	0	0	2	0	0	0	0	0	0	0	0	0	0		52
187	48	3637	1	1	0	1	1	1	0	1	1	0	0	0	0	0	0	0	0	0	1	0	0	0	1	1	0	0	0	0	0	0	0	0	0	0	0	0	Driver too hasty, almost dropped can	52
188	48	1168	1	0	0	1	0	0	0	0	2	0	0	0	0	0	3	0	0	0	1	1	0	0	1	0	0	2	0	0	0	0	0	0	0	0	0	0		52
189	48	5404	1	0	0	1	0	0	0	1	2	0	0	0	0	0	1	0	0	0	1	0	0	0	1	0	0	1	1	0	0	0	0	0	0	0	0	0		52
190	48	709	1	0	0	0	0	0	0	0	1	0	0	0	0	0	2	0	0	0	1	0	0	0	1	3	0	0	0	0	0	0	0	0	0	0	0	0		52
191	48	1218	1	0	0	0	0	1	0	1	3	0	0	1	0	0	2	1	1	0	2	1	1	0	1	0	0	0	1	0	1	3	0	0	0	0	0	0	AMAZING PREFORMANCE	52
192	49	1640	1	0	0	1	1	1	0	1	2	0	0	1	0	0	1	1	0	1	1	1	1	1	1	0	0	0	0	0	0	0	1	0	0	0	1	1	after litter put in can, it stopped moving, pushed can off of platform	66
193	49	1647	1	0	0	0	1	0	0	1	3	0	0	0	0	0	1	0	0	3	1	0	0	0	0	0	0	0	0	0	0	0	0	0	0	0	0	0		66
194	49	1647	1	0	0	0	0	0	0	1	3	0	0	0	0	0	1	0	0	3	1	0	0	0	1	0	0	3	0	0	1	3	0	0	0	0	0	0		66
195	49	2590	0	0	0	0	1	0	0	0	1	0	0	0	0	0	6	0	0	0	2	1	0	0	1	6	0	3	0	0	0	0	0	0	0	0	0	0		52
196	50	5181	0	0	0	0	0	0	0	1	1	0	1	0	0	0	2	0	0	0	1	1	0	0	0	0	0	0	0	0	0	0	0	0	0	0	0	0		0
197	50	486	1	0	0	1	0	1	0	1	1	0	0	0	0	0	2	0	0	0	1	1	0	0	1	0	0	0	0	0	0	0	0	0	0	0	0	0		\N
198	50	304	1	1	0	1	0	0	1	0	1	0	0	0	0	0	1	0	0	4	1	0	0	0	0	8	0	0	0	0	0	0	0	0	0	0	0	1	struggles to pick totes up	20
199	50	5181	1	0	0	1	0	1	0	1	1	0	0	0	0	0	6	0	0	0	1	1	0	0	0	0	0	0	0	0	0	0	0	0	0	0	0	0		14
200	50	5490	1	1	0	1	1	0	0	1	1	0	0	0	0	0	1	0	1	0	1	0	0	0	0	0	0	1	0	0	1	1	0	0	0	1	1	1	unresponsive and bad at picking up totes	20
201	50	708	1	1	0	0	0	0	0	0	1	1	0	0	0	0	2	0	0	2	2	0	0	0	1	3	0	2	0	0	0	0	0	0	0	0	0	0		20
202	51	5407	1	1	0	1	0	1	0	0	1	1	0	0	0	0	2	0	0	0	1	0	0	0	0	0	0	1	0	0	1	1	0	0	0	0	0	0		\N
203	51	75	0	0	0	0	0	0	0	0	1	0	0	0	0	0	2	0	0	2	3	1	0	0	1	4	0	0	1	0	0	0	0	0	0	0	0	0		24
204	51	4954	0	0	0	0	0	0	0	0	1	1	0	0	0	0	0	0	1	0	1	1	0	0	0	0	0	0	0	0	0	0	1	0	0	0	0	1	bulky, hard to move or pick up or align. Really bad. two fouls for red team	24
205	51	1218	1	1	0	1	0	0	0	1	1	0	0	0	0	0	1	0	0	3	1	0	0	0	0	8	0	2	0	0	0	0	0	0	0	0	0	0	oicks one at a time but design is very stable (unlikely to knock stacks ove	24
206	51	3637	1	0	0	1	0	0	0	1	1	0	0	0	0	0	1	0	0	0	1	0	1	0	1	0	0	0	0	0	0	0	0	0	0	0	0	0		2
207	51	5407	1	0	0	0	0	0	0	1	1	0	1	0	0	0	1	0	0	0	1	0	0	0	1	0	0	0	0	0	0	0	0	0	0	0	0	0	Almost tipped over 	2
208	52	2590	1	0	1	0	1	0	1	0	2	0	0	0	0	0	8	0	1	0	3	1	0	0	1	2	0	3	0	0	1	3	0	0	0	0	0	0	good at picking up from human, good at stacking and placing, fast pick up	92
209	52	1403	1	0	0	0	1	0	0	1	1	0	0	0	0	0	3	0	0	4	1	1	1	1	1	0	0	0	0	0	1	2	0	0	0	0	0	0		80
210	52	5113	0	0	0	0	0	0	0	1	1	0	1	0	0	0	0	0	0	3	1	0	0	0	0	0	0	1	0	0	0	0	0	0	0	0	0	0		92
211	52	834	1	0	0	1	1	0	0	0	2	1	0	0	0	0	0	0	0	0	1	0	1	0	1	0	0	1	0	0	0	0	0	0	0	0	0	0		80
212	52	1403	1	0	0	1	0	1	0	0	2	0	0	0	0	0	8	0	0	0	2	1	1	0	0	4	0	3	0	0	0	0	0	0	0	0	0	0		80
213	52	5404	1	0	0	1	0	0	1	0	1	1	0	0	0	0	1	0	0	0	2	0	0	0	1	4	0	1	0	0	0	0	0	0	0	0	0	1	Very inconsistent in picking anything up	92
214	53	1168	1	0	0	1	1	0	1	1	1	0	0	0	0	0	4	0	1	1	2	1	0	0	1	1	0	2	0	0	1	1	0	0	0	0	0	1	Makes quick 3 tote stacks, looks wobbly	74
215	53	2607	1	0	0	1	1	1	0	1	2	0	0	0	0	0	5	0	0	0	1	1	0	0	1	0	1	1	0	0	0	0	0	0	0	0	0	0		50
216	53	709	0	0	0	0	0	0	0	1	2	0	0	0	0	0	2	0	0	0	1	0	0	0	0	0	0	0	0	0	0	0	0	0	0	0	0	0		50
217	53	4454	0	0	0	0	0	0	0	0	1	0	0	0	0	0	0	0	0	0	1	0	0	0	0	0	0	1	0	0	0	0	0	0	0	0	0	0	did not do very well struggled to pick up 1 tote	74
218	53	709	0	0	0	0	0	0	0	0	1	0	0	0	0	0	2	0	0	0	1	0	0	0	0	0	0	1	0	0	0	0	0	0	0	0	0	0		\N
219	54	486	1	0	0	1	0	0	1	0	2	0	0	0	0	0	5	0	0	0	1	0	0	0	0	0	0	0	0	0	0	0	0	0	0	0	0	0		102
220	54	2559	1	0	0	1	1	1	0	1	2	0	0	0	0	0	2	0	0	2	1	1	1	0	1	3	1	2	0	0	0	0	0	0	0	0	0	0		102
221	54	486	1	0	0	0	0	0	0	1	1	0	0	0	0	0	2	0	0	2	1	0	0	0	0	0	0	0	0	0	0	0	0	0	0	0	0	0		102
222	54	4637	1	0	1	0	1	1	0	1	1	1	0	0	0	0	3	0	1	1	1	1	1	0	1	1	0	2	0	0	1	1	0	0	0	0	0	0	dropped can with litter, moves slow	62
223	54	1089	0	0	0	0	0	0	0	0	1	0	0	0	0	0	1	0	0	1	1	0	0	0	0	0	0	1	0	0	0	0	0	0	0	0	0	0		62
224	54	357	1	0	0	0	0	0	0	0	1	1	0	0	0	0	3	0	0	0	1	1	1	0	1	0	0	2	0	0	0	0	0	0	0	0	0	0	droped everything when it moved	62
225	55	5080	1	0	0	0	0	0	0	0	1	0	0	0	0	0	1	0	0	0	1	0	0	0	0	0	0	0	0	0	0	0	0	0	0	0	0	0		87
226	55	1640	1	0	0	0	1	1	0	0	2	0	0	0	0	0	5	0	0	0	1	1	1	1	0	0	0	1	0	0	0	0	0	0	0	0	0	0	Recieves all toats/cans/litter from human player	87
227	55	708	1	0	0	1	1	1	0	1	1	1	0	0	0	0	1	0	0	0	1	1	0	0	1	0	0	0	0	0	0	0	0	0	0	0	0	0		64
228	55	102	0	0	0	0	0	0	0	0	1	0	0	0	0	0	0	0	0	0	1	0	0	0	0	0	0	0	0	0	0	0	0	0	0	0	0	0	102 did not play this round	\N
229	55	2729	1	0	1	0	0	0	0	0	3	0	0	0	0	0	3	0	0	1	1	1	0	0	0	0	0	1	0	0	1	1	0	0	0	0	0	0	fast and hard to control and align, hard to pick up too	87
230	55	102	0	0	0	0	0	0	0	0	1	0	0	0	0	0	0	0	0	0	1	0	0	0	0	0	0	0	0	0	0	0	0	0	0	0	0	0	DID NOT SHOW UP	0
231	56	25	1	0	0	0	0	0	0	0	1	0	0	0	0	0	0	0	0	0	1	0	0	0	0	0	0	0	0	0	0	0	0	0	0	1	0	0	fell over in the first 2 seconds	10
232	56	11	1	0	0	1	1	0	0	0	1	0	0	0	0	0	3	0	0	0	1	1	0	0	1	0	0	3	0	0	0	0	0	0	0	0	0	0		10
233	56	5401	1	0	0	1	0	0	0	0	3	0	0	0	0	0	2	0	0	0	1	1	0	0	0	0	0	2	0	0	0	0	0	0	0	0	0	0		54
234	56	2539	1	0	0	1	1	1	0	0	1	0	0	0	0	0	1	0	1	1	1	0	0	0	0	0	0	0	0	0	0	0	1	0	0	0	1	0	picked up yellow tote and stopped all movement for long time no totes stack	10
235	56	2607	1	0	0	0	1	0	0	1	2	0	0	0	0	0	4	0	0	0	1	1	0	0	1	2	0	0	0	0	0	0	0	0	0	0	0	0		52
236	56	2607	1	0	0	1	0	1	0	0	1	0	0	0	0	0	6	0	0	0	2	1	0	0	0	6	0	3	0	0	0	0	0	0	0	0	0	0		54
237	57	4373	0	0	0	0	0	0	0	1	3	0	0	0	0	0	0	0	0	0	1	0	0	0	0	0	0	0	0	0	0	0	1	0	0	0	0	0	Stopped moving after a few seconds.	12
238	57	834	1	0	0	0	1	1	0	1	2	0	0	0	0	0	2	0	0	0	1	1	0	0	0	0	0	0	0	0	1	2	0	0	0	0	0	0		12
239	57	486	1	0	1	0	1	1	0	1	2	1	0	0	0	0	1	1	1	1	1	0	0	0	0	0	0	1	0	0	1	1	0	0	0	0	0	0	hard to move around or pick up totes or stack, very unstable	34
240	57	4954	1	0	0	0	0	0	0	0	1	0	0	0	0	0	3	0	0	0	1	0	0	0	0	0	0	0	0	0	0	0	0	0	0	0	0	0		34
241	57	834	1	1	0	1	0	1	0	0	1	0	0	0	0	0	2	0	0	0	1	0	0	0	0	0	0	1	0	0	1	2	0	0	0	0	0	0		12
242	57	341	1	0	0	0	1	0	0	0	2	0	0	0	0	0	3	0	0	0	1	1	0	0	1	0	1	0	1	0	0	0	0	0	0	0	0	0		34
243	58	2729	1	0	0	1	0	0	0	0	3	0	0	0	0	0	1	0	1	0	1	1	0	0	1	3	0	0	0	0	1	1	0	0	0	0	0	0	fast, hard to control, but stacks fast from human players	78
244	58	709	0	0	0	0	0	0	0	0	2	0	0	0	0	0	3	0	0	0	1	0	0	0	0	0	0	1	0	0	0	0	0	0	0	0	0	0		51
245	58	272	0	0	0	0	0	0	0	1	2	0	1	0	0	0	3	0	0	0	1	1	1	0	1	0	0	0	0	0	1	3	0	0	0	0	0	0		51
246	58	3167	0	0	0	0	0	0	0	0	1	0	0	0	0	0	1	0	0	0	1	0	0	0	0	0	0	0	0	0	0	0	0	0	0	0	0	0		78
247	58	5490	1	0	0	1	0	0	0	1	2	0	0	0	0	0	1	0	0	1	1	0	0	0	0	0	0	2	0	0	0	0	0	0	0	0	0	0	Not good at grabbing. Needs precise positioning.	51
248	58	708	1	0	0	1	0	0	0	0	1	0	0	0	0	0	6	0	0	1	1	0	0	0	0	0	0	2	0	0	1	0	0	0	0	0	0	0		78
249	59	3607	1	1	0	1	0	1	0	0	1	0	0	0	0	0	0	0	0	0	1	0	0	0	0	0	0	0	0	0	0	0	0	0	0	0	1	0		42
250	59	1647	1	0	0	1	0	1	0	1	3	0	0	0	0	0	1	1	0	1	1	0	0	0	0	0	0	2	0	0	0	0	0	0	0	0	0	0		42
251	59	25	1	0	0	0	0	0	0	1	2	0	0	0	0	0	6	0	0	0	1	1	1	1	1	0	0	0	0	0	0	0	0	0	0	0	0	0		42
252	59	1089	1	0	0	0	0	0	0	0	1	0	0	0	0	0	0	0	0	0	3	0	1	0	1	2	0	0	0	0	0	0	0	0	0	0	0	0		23
253	59	5407	1	0	0	1	1	1	0	1	1	0	0	0	0	0	0	0	0	0	1	0	0	0	1	0	0	1	0	0	0	0	0	0	0	0	0	0		23
254	60	1640	1	0	0	0	0	0	0	1	2	0	0	0	0	0	4	0	0	0	1	1	1	0	1	0	0	0	1	0	0	0	0	0	0	0	0	0		54
255	60	75	1	0	0	1	0	0	0	0	2	0	0	0	0	0	2	0	0	2	2	1	0	0	1	4	0	3	0	0	0	0	0	0	0	0	0	0		64
256	60	3637	1	0	0	0	0	0	0	0	3	0	0	0	0	0	2	0	0	0	1	0	1	1	1	0	0	0	0	0	0	0	0	0	0	0	0	0	Obviously the best team ever	20
257	60	102	0	0	0	0	0	0	0	1	3	0	0	0	0	0	3	0	0	0	1	0	0	0	0	0	0	0	0	0	0	0	0	0	0	0	0	0	not picking up crates itsn just clearing outnlandfill by pushimg gray crate	20
258	60	2559	1	1	0	1	0	1	0	0	2	0	0	0	0	0	4	0	0	0	2	0	0	0	1	4	0	2	0	0	0	0	0	0	0	0	0	0		20
259	60	357	1	0	0	1	1	0	0	1	3	0	0	0	0	0	2	0	0	1	1	0	0	0	0	0	0	3	0	0	1	0	0	0	0	0	0	0		20
260	62	5080	1	0	0	1	0	1	0	0	1	1	0	0	0	0	0	0	0	0	1	1	0	0	0	0	0	0	0	0	0	0	1	0	0	0	0	0		8
261	62	5404	1	0	0	0	0	0	0	0	1	1	0	0	0	0	3	0	0	0	1	0	0	0	1	0	0	0	0	0	0	0	1	0	0	0	0	0		50
262	62	4454	1	0	0	0	0	1	0	1	2	1	0	0	0	0	2	0	0	0	1	0	0	0	0	0	0	1	0	0	0	0	0	0	0	0	0	0	Tries very hard, but is slow and fails	50
263	62	5080	1	0	0	0	0	0	0	0	1	0	0	0	0	0	2	0	0	0	1	1	0	0	0	0	0	2	0	0	0	0	0	0	0	0	0	0		50
264	62	1168	1	0	0	1	0	0	1	0	1	1	0	0	0	0	3	1	0	1	1	0	0	0	0	0	0	0	0	0	1	3	0	0	0	1	0	0	Almost fell over	109
265	62	4954	1	0	0	0	0	0	0	0	1	1	0	0	0	0	0	0	0	1	1	1	0	0	0	0	0	1	0	0	0	3	0	0	0	0	0	0	Made yellow stack and passed off to other robot.	109
266	63	709	1	0	0	1	0	0	1	1	1	0	0	0	0	0	1	0	0	0	1	0	0	0	0	0	0	0	0	0	0	0	0	0	0	0	0	0		38
267	63	1089	1	0	0	0	0	1	0	1	2	0	0	0	0	0	1	0	0	1	1	0	1	0	1	2	0	2	0	0	1	2	0	0	0	0	0	0		38
268	63	709	1	0	0	1	0	0	0	1	1	0	0	0	0	0	1	0	0	0	1	0	0	0	0	0	0	0	0	0	0	0	0	0	0	0	0	0		38
269	63	341	1	0	0	1	0	0	0	0	2	1	0	0	0	0	2	0	0	0	1	1	0	0	1	0	0	2	1	0	0	0	0	0	0	0	0	0	Stopped 1640 from falling over	2
270	63	708	1	1	1	0	0	0	0	1	1	0	0	0	0	0	2	0	0	0	1	0	0	0	0	0	0	0	0	0	0	0	0	0	0	0	0	0		38
271	63	1640	1	0	0	1	0	1	0	1	2	1	0	0	0	0	3	0	0	0	1	1	0	0	1	0	0	0	0	0	0	2	0	0	0	1	0	0	Fell over once, got up. Able to pick up recycling can	2
272	64	272	0	0	0	1	0	0	0	1	1	0	0	0	0	0	2	0	0	0	1	1	0	0	0	0	0	0	0	0	1	2	0	0	0	0	0	0		76
273	64	2729	1	0	0	0	0	0	0	1	2	1	0	0	0	0	3	0	0	0	1	0	0	0	0	0	0	0	0	1	0	0	0	0	0	0	0	0	stoped in the middle for a second 	76
274	64	1218	0	0	0	0	0	0	0	1	2	0	0	0	0	0	4	0	0	0	3	0	0	0	1	4	1	3	0	1	0	0	0	0	0	0	0	0		76
275	64	5407	1	0	0	1	0	1	0	0	1	1	0	0	0	0	0	0	0	0	1	0	0	1	0	0	0	0	0	0	0	0	0	0	0	1	0	0	Almost Fell over	86
276	64	272	0	0	0	0	0	0	0	0	1	0	0	0	0	0	4	0	0	0	1	1	0	1	0	0	0	3	0	0	1	2	0	0	0	0	0	0		76
277	64	2607	1	0	1	0	1	1	0	1	1	0	0	0	0	0	6	0	0	0	1	1	1	0	1	6	0	3	0	0	1	2	0	0	0	0	0	0	Insanely good! Completed yellow stack + stack of 6 w/ can & litter	86
278	65	3167	1	0	0	0	0	0	0	0	1	0	0	0	0	0	1	0	0	0	1	0	0	0	0	0	0	0	0	0	0	0	0	0	0	0	0	0	doee not do much	92
279	65	1403	1	0	0	1	0	0	0	1	1	0	0	0	0	0	5	0	0	4	2	1	1	0	1	4	1	2	0	0	0	0	0	0	0	0	0	0		92
280	65	1403	1	0	0	1	0	1	0	1	1	0	0	1	0	0	4	0	0	0	2	1	0	0	1	4	0	3	0	0	0	0	0	0	0	0	0	0		92
281	65	11	1	0	0	0	0	0	1	0	2	0	0	0	0	0	3	0	0	0	1	1	1	0	1	3	0	0	1	0	0	0	0	0	0	0	0	0		92
282	65	2559	1	0	0	1	0	0	1	1	2	1	0	0	0	0	1	0	0	0	1	0	0	1	0	0	0	1	0	0	0	0	0	0	0	0	0	0		52
283	65	4373	1	0	0	1	1	0	1	1	1	0	0	0	0	0	1	0	0	0	1	1	0	0	0	0	0	1	0	0	0	1	0	0	0	0	0	0	Worked on yellow stack but couldn't do it. 	52
284	66	5401	1	0	0	1	0	0	0	1	1	0	0	0	0	0	1	0	0	0	1	0	0	0	0	0	0	0	0	0	0	0	0	0	0	0	0	0		65
285	66	486	1	0	0	1	0	1	0	1	1	0	0	0	0	0	2	0	0	0	1	0	0	0	0	0	0	0	0	0	0	3	0	0	0	0	0	0		61
286	66	25	1	0	0	1	0	0	0	0	1	0	0	0	0	0	6	0	0	5	2	1	0	1	1	0	0	2	0	0	0	0	0	0	0	0	0	0		65
287	66	102	0	0	0	0	0	0	0	1	3	0	0	0	0	0	1	0	0	0	1	1	0	0	0	0	0	0	0	0	0	0	0	0	0	0	0	0	Very agile, can only push totes	65
288	66	25	1	0	0	1	0	0	1	0	1	0	0	0	0	0	6	0	0	0	1	1	0	1	1	6	0	1	0	0	0	0	0	0	0	0	0	0		65
289	66	5490	0	0	0	0	0	0	0	1	1	0	0	0	0	0	1	0	0	0	1	0	0	0	0	0	0	1	0	0	0	0	0	0	0	0	0	0	Totes it carried seemed VERY unsteady. Seemed to drive around alot.	61
290	67	5181	1	0	0	1	0	0	0	1	2	0	0	0	0	0	2	0	0	0	2	1	0	0	0	0	1	1	0	0	0	0	0	0	0	0	0	0		76
291	67	5404	1	0	0	0	0	0	0	1	2	1	0	0	0	0	2	0	0	2	1	0	0	0	0	0	0	1	0	0	0	0	0	0	0	0	0	0		76
292	67	1647	1	0	1	0	0	0	0	1	1	0	0	0	0	0	2	0	0	0	1	0	0	0	1	1	0	0	0	0	1	3	0	0	0	0	0	0		76
293	67	357	1	0	0	1	0	1	0	0	1	1	0	0	0	0	0	0	0	0	2	1	1	0	1	0	0	0	0	0	0	2	0	0	0	0	0	0		68
294	67	5181	1	0	0	1	0	1	0	0	2	0	0	0	0	0	2	0	0	0	1	1	0	1	1	2	0	0	0	0	0	0	0	0	0	0	0	0		76
295	67	3607	0	0	0	0	0	0	0	0	1	0	0	0	0	0	0	0	0	0	1	0	0	0	0	0	0	0	0	0	0	0	1	0	1	0	1	0	The whole robot seemed dead. 	68
296	68	304	1	1	1	0	0	0	0	1	1	1	0	0	0	0	1	0	0	0	1	0	0	0	1	0	0	0	0	0	0	0	0	0	0	0	0	0		13
297	68	5080	1	0	0	1	0	0	0	0	1	1	0	0	0	0	2	0	0	1	1	1	0	0	0	0	0	0	0	0	0	0	0	0	0	0	0	0		13
298	68	5113	1	0	0	1	0	1	0	1	2	0	0	0	0	0	1	0	0	1	1	0	0	0	0	0	0	1	0	0	0	0	0	0	0	0	0	0		13
299	68	5080	1	0	0	1	0	1	0	0	1	0	0	0	0	0	6	0	0	0	1	1	0	1	0	0	0	0	0	0	0	0	0	0	0	0	0	0		13
300	68	2539	1	0	0	1	0	0	0	1	1	0	0	0	0	0	1	1	0	2	1	0	0	0	0	0	0	1	0	0	1	1	0	0	0	1	0	0		30
301	68	3637	1	0	0	1	1	0	1	1	2	0	0	0	0	0	1	0	0	1	1	0	0	0	1	0	1	1	0	1	0	3	0	0	0	0	0	0	Stacked pretty well, got two stacks 	30
302	69	2607	0	0	0	0	0	0	1	0	3	0	0	0	0	0	4	0	0	0	1	1	0	0	1	0	0	3	0	0	1	2	0	0	0	0	0	0	Solid Robot	0
303	69	272	0	0	0	0	0	0	0	0	1	0	1	0	0	0	4	0	0	0	1	1	0	0	0	0	0	0	0	0	1	2	0	0	0	0	0	1	Very good robot, but a bit wobbly.	82
304	69	102	1	0	0	0	0	0	0	1	2	0	0	0	0	0	0	0	0	0	1	1	0	0	0	0	0	0	0	0	0	0	0	0	0	0	0	0		96
305	69	2607	1	0	0	1	0	0	0	1	2	0	0	0	0	0	5	0	0	2	1	1	0	0	1	3	1	3	0	0	1	2	0	0	0	0	0	0		96
306	69	834	0	0	0	0	0	0	0	0	2	0	0	0	0	0	1	0	0	1	1	1	0	0	0	0	0	1	0	0	0	0	0	0	0	0	0	0		82
307	69	102	1	0	0	1	0	0	0	1	3	1	0	0	0	0	0	1	1	0	1	1	0	0	0	0	0	0	0	0	0	0	0	0	0	0	0	0		96
308	70	25	1	0	0	0	0	0	1	0	1	0	0	0	0	0	6	0	0	0	2	1	0	0	1	6	0	3	0	0	0	0	0	0	0	0	0	0		80
309	70	341	1	0	0	0	0	0	0	1	2	0	0	0	0	0	1	0	0	1	2	0	0	0	1	1	0	3	0	0	0	0	0	0	0	0	0	0		64
310	70	708	1	1	0	1	1	1	0	1	1	0	0	0	0	0	2	0	0	1	1	0	0	0	0	0	0	1	0	0	1	2	0	0	0	0	0	0		64
311	70	708	1	1	0	1	1	1	0	0	1	0	0	0	0	0	1	0	0	1	1	0	0	0	1	0	0	1	0	0	1	2	0	0	0	0	0	0		64
312	70	4454	1	0	0	0	0	1	0	1	3	0	0	0	0	0	0	0	0	0	1	0	0	0	0	0	0	0	0	0	0	0	1	0	0	0	0	0	Not very good. Could not pick up tote. Possible connection issue.	80
313	70	1	1	0	0	0	0	0	1	0	3	0	0	0	0	0	2	0	1	0	1	0	0	0	1	2	0	1	0	0	0	0	0	0	0	0	0	0		64
314	71	1647	1	0	0	1	0	1	0	1	1	0	0	0	0	0	2	0	0	0	1	0	0	1	1	3	0	0	0	0	1	2	0	0	0	0	0	0	Slow but percise	102
315	71	304	1	0	0	0	0	0	1	0	2	0	0	0	0	0	1	0	0	0	1	0	0	0	0	0	0	1	0	0	0	0	0	0	0	0	0	0		60
316	71	1647	1	0	0	0	0	1	0	1	1	0	0	0	0	0	2	1	0	1	2	0	0	0	1	3	0	1	0	0	1	2	0	0	0	0	0	0		102
317	71	357	0	0	0	0	0	0	0	0	1	0	0	0	0	0	0	0	0	0	1	0	0	0	0	0	0	0	0	0	0	0	0	0	1	0	1	0	He ded.	60
318	71	11	1	0	0	0	0	0	1	0	2	0	0	0	0	0	3	0	0	0	1	1	0	0	0	0	0	2	0	0	0	0	0	0	0	0	0	0		102
319	71	11	1	0	0	0	0	0	0	0	2	0	0	0	0	0	3	0	0	3	2	0	0	0	1	3	0	2	0	0	0	0	0	0	0	0	0	0		102
320	72	3167	1	0	0	1	0	0	0	0	1	0	0	0	0	0	1	1	0	1	1	0	0	0	0	0	0	0	0	0	0	0	0	0	0	0	0	0	unstable if picked up length wise	0
321	72	2539	1	0	0	0	0	1	0	0	2	0	0	0	0	0	0	0	0	2	1	1	0	0	1	2	0	2	0	0	1	3	0	0	0	0	0	0		24
322	72	2539	1	0	0	0	0	0	0	1	2	0	0	0	0	0	2	0	0	2	2	0	0	0	1	2	0	3	0	0	0	0	0	0	0	0	0	0		24
323	72	4954	0	0	0	0	0	0	0	0	1	0	0	0	0	0	4	0	0	0	1	1	0	0	0	0	0	2	0	0	0	0	0	0	0	0	0	0		19
324	72	3607	1	0	0	0	0	0	0	0	1	0	0	0	0	0	0	0	0	0	1	0	0	0	0	0	0	0	0	0	0	0	0	0	0	1	0	0	Like so ded.	19
325	72	3167	0	0	0	0	0	0	0	1	1	0	0	0	0	0	1	0	0	1	1	0	0	0	0	0	0	2	0	0	0	0	0	0	0	0	0	0		24
