1	25	4637	304	709	3607	2539
2	2590	5490	75	1218	1089	486
3	1403	357	5407	2607	341	2729
4	4373	5113	272	1647	5080	5401
5	3637	708	4954	11	1168	2559
6	834	3167	5404	102	1640	5181
7	2607	486	1403	4454	4373	1647
8	5490	1218	25	5404	4637	4954
9	3167	304	1640	11	3607	272
10	5080	102	75	709	4454	5113
11	708	327	2559	2590	834	2729
12	2539	5401	1168	341	1089	5181
13	3637	4454	5490	5404	4637	272
14	2729	4954	5113	1218	4373	304
15	341	1647	2539	2559	5181	709
16	486	11	5404	25	5407	3167
17	3637	5080	1089	357	2590	2607
18	102	1168	3607	5401	708	1403
19	1640	2539	272	75	834	486
20	357	2729	11	5080	25	709
21	4373	3637	5401	2559	5404	5407
22	5113	3167	1218	708	1640	4454
23	5181	1168	834	4637	75	1403
24	1089	2607	1647	304	102	4954
25	5490	341	5407	2590	3607	5080
26	357	4373	2539	1218	1640	1168
27	11	4637	102	1647	486	709
28	2729	304	1089	3607	834	4454
29	4954	3167	5490	5401	341	5113
30	2590	3637	1403	25	5181	272
31	2607	2559	4637	708	5404	75
32	11	5407	4373	1089	5490	102
33	5401	2590	1640	357	4954	4454
34	1168	5404	341	272	304	75
35	25	2559	5113	5080	2607	5181
36	3607	3167	486	3637	834	709
37	1218	708	2539	2729	1403	1647
38	5181	304	4454	25	2607	1640
39	4954	2590	709	1168	272	5407
40	5080	708	11	2539	5404	1089
41	357	1647	834	5490	4373	3607
42	75	2729	3637	4637	3167	5401
43	2559	341	1218	486	5113	102
44	1089	4373	4954	1403	3607	5181
45	3167	272	2607	5490	5080	357
46	5113	834	2539	11	5401	75
47	4454	5407	102	304	2559	1403
48	1168	2729	709	1218	3637	5404
49	2590	25	341	1647	4637	1640
50	486	5181	2539	708	304	5490
51	3637	5407	3607	75	1218	4954
52	834	1403	341	5113	5404	2590
53	2607	709	4373	4454	3167	1168
54	2559	486	272	1089	357	4637
55	708	102	1647	5080	1640	2729
56	5401	2607	4454	25	11	2539
57	4373	834	4637	4954	341	486
58	5490	709	272	3167	708	2729
59	1647	3607	25	1089	5407	5113
60	75	2559	1640	3637	357	102
61	5181	5401	1218	2590	11	304
62	5080	5404	4454	1403	1168	4954
63	709	708	1089	3637	341	1640
64	272	2729	1218	834	5407	2607
65	1403	3167	11	2590	2559	4373
66	25	5401	102	1168	486	5490
67	5181	1647	5404	75	357	3607
68	5080	304	5113	4637	2539	3637
69	272	1089	834	2607	102	1218
70	4454	75	25	341	708	4373
71	357	1168	304	11	1647	5113
72	3607	5404	4954	2539	3167	2590
73	1403	1640	709	2559	5490	5401
74	5181	2729	4637	5080	486	5407
